# BANG PHI TERM LIFE — NLG
# Nguon: Google Sheet "2. Bang gia quote Term life NLG - Final" (chu tool gui 10/08/2026,
#        do sep cua chu tool lam va kiem tra). Chi lay 5 sheet co tien to "NEW".
#        Doc ngay 10/08/2026.
#
# ☠️ VI SAO CHI LAY SHEET "NEW": file co ca ban cu lan ban NEW. Doi chieu voi 3 ket qua
#    that lay tu forum thi ban NEW khop 100%, ban cu lech han (Male 35 / 250k:
#    NEW = 20.90/25.74/30.14/42.90 · cu = 19.36/24.64/27.94/43.78).
#
# ☠️ THU TU 4 CON SO = 10 / 15 / 20 / 30 NAM. Sheet KHONG ghi nhan cho cac khoi nay;
#    thu tu duoc xac dinh bang doi chieu voi forum, khong phai doan.
#    Dau "-" = o trong trong sheet = HANG KHONG BAN muc do. TUYET DOI khong noi suy.
#
# Khoi cot 600k/700k/800k/900k o cuoi moi sheet toan dau "x" -> chu tool chot BO QUA.
#
# DINH DANG: <ma sheet>|<tuoi>|<cac gia tri>|<tong kiem tra>
#   tong kiem tra = tong tat ca gia tri (don vi cent, lam tron), bo qua dau "-"
#   Dung de bat loi chep tay — chay: node scripts/doi-bang-phi.js
#
# MA SHEET va MENH GIA tuong ung (moi menh gia chiem 4 gia tri: 10/15/20/30 nam):
# 0 = MALE   - SNTBC : 100000 150000 200000 250000 300000 350000 400000 450000 500000 750000 1000000
# 1 = MALE   - STBC  : 100000 300000 500000
# 2 = MALE   - ENTBC1: 100000 300000 500000
# 3 = FEMALE - SNTBC : 100000 150000 200000 250000 300000 350000 400000 450000 500000 750000 1000000
# 4 = FEMALE - ENTBC1: 100000 300000 500000
# (FEMALE - STBC KHONG CO SHEET — chu tool xac nhan sep co y khong lam, khong phai thieu sot)
0|20|22.88,22.97,23.06,24.90,31.02,31.15,31.28,34.06,39.16,39.34,39.51,43.21,26.62,27.50,27.94,37.18,30.62,31.68,32.21,43.30,34.63,35.86,36.48,49.41,38.63,40.04,40.74,55.53,42.64,44.22,45.01,61.64,46.64,48.40,49.28,67.76,66.66,69.30,70.62,98.34,86.68,90.20,91.96,128.92|207918
0|21|21.74,21.82,21.91,24.38,29.30,29.44,29.57,33.26,36.87,37.05,37.22,42.15,25.08,26.40,27.06,37.18,28.78,30.36,31.15,43.30,32.47,34.32,35.24,49.41,36.17,38.28,39.34,55.53,39.86,42.24,43.43,61.64,43.56,46.20,47.52,67.76,62.04,66.00,67.98,98.34,80.52,85.80,88.44,128.92|200503
0|22|20.68,20.77,20.86,23.94,27.72,27.85,27.98,32.60,34.76,34.94,35.11,41.27,23.76,25.52,26.40,37.62,27.19,29.30,30.36,43.82,30.62,33.09,34.32,50.03,34.06,36.87,38.28,56.23,37.49,40.66,42.24,62.44,40.92,44.44,46.20,68.64,58.08,63.36,66.00,99.66,75.24,82.28,85.80,130.68|195008
0|23|19.54,19.62,19.71,23.50,26.00,26.14,26.27,31.94,32.47,32.65,32.82,40.39,22.22,24.42,25.52,37.40,25.34,27.98,29.30,43.56,28.47,31.55,33.09,49.72,31.59,35.11,36.87,55.88,34.72,38.68,40.66,62.04,37.84,42.24,44.44,68.20,53.46,60.06,63.36,99.00,69.08,77.88,82.28,129.80|187281
0|24|18.48,18.57,18.66,23.14,24.42,24.55,24.68,31.42,30.36,30.54,30.71,39.69,20.90,23.54,24.86,37.84,23.76,26.93,28.51,44.09,26.62,30.32,32.16,50.34,29.48,33.70,35.82,56.58,32.34,37.09,39.47,62.83,35.20,40.48,43.12,69.08,49.50,57.42,61.38,100.32,63.80,74.36,79.64,131.56|181826
0|25|17.34,17.42,17.51,22.62,22.70,22.84,22.97,30.62,28.07,28.25,28.42,38.63,19.36,22.44,23.98,37.84,21.91,25.61,27.46,44.09,24.46,28.78,30.93,50.34,27.02,31.94,34.41,56.58,29.57,35.11,37.88,62.83,32.12,38.28,41.36,69.08,44.88,54.12,58.74,100.32,57.64,69.96,76.12,131.56|174411
0|26|17.51,17.60,17.69,23.14,22.97,23.10,23.23,31.42,28.42,28.60,28.78,39.69,19.36,22.66,24.20,37.84,21.91,25.87,27.72,44.09,24.46,29.08,31.24,50.34,27.02,32.30,34.76,56.58,29.57,35.51,38.28,62.83,32.12,38.72,41.80,69.08,44.88,54.78,59.40,100.32,57.64,70.84,77.00,131.56|175591
0|27|17.69,17.78,17.86,23.50,23.23,23.36,23.50,31.94,28.78,28.95,29.13,40.39,19.58,22.66,24.42,38.50,22.18,25.87,27.98,44.88,24.77,29.08,31.55,51.26,27.37,32.30,35.11,57.64,29.96,35.51,38.68,64.02,32.56,38.72,42.24,70.40,45.54,54.78,60.06,102.30,58.52,70.84,77.88,134.20|177747
0|28|17.86,17.95,18.04,23.85,23.50,23.63,23.76,32.47,29.13,29.30,29.48,41.10,19.58,22.88,24.86,38.72,22.18,26.14,28.51,45.14,24.77,29.39,32.16,51.57,27.37,32.65,35.82,57.99,29.96,35.90,39.47,64.42,32.56,39.16,43.12,70.84,45.54,55.44,61.38,102.96,58.52,71.72,79.64,135.08|179551
0|29|18.04,18.13,18.22,24.20,23.76,23.89,24.02,33.00,29.48,29.66,29.83,41.80,19.80,22.88,25.08,39.16,22.44,26.14,28.78,45.67,25.08,29.39,32.47,52.18,27.72,32.65,36.17,58.70,30.36,35.90,39.86,65.21,33.00,39.16,43.56,71.72,46.20,55.44,62.04,104.28,59.40,71.72,80.52,136.84|181355
0|30|18.22,18.30,18.39,24.73,24.02,24.16,24.29,33.79,29.83,30.01,30.18,42.86,19.80,23.10,25.30,39.16,22.44,26.40,29.04,45.67,25.08,29.70,32.78,52.18,27.72,33.00,36.52,58.70,30.36,36.30,40.26,65.21,33.00,39.60,44.00,71.72,46.20,56.10,62.70,104.28,59.40,72.60,81.40,136.84|182534
0|31|18.48,18.57,18.83,25.08,24.42,24.55,24.95,34.32,30.36,30.54,31.06,43.56,20.02,23.54,26.18,39.82,22.70,26.93,30.10,46.46,25.39,30.32,34.01,53.11,28.07,33.70,37.93,59.75,30.76,37.09,41.84,66.40,33.44,40.48,45.76,73.04,46.86,57.42,65.34,106.26,60.28,74.36,84.92,139.48|186648
0|32|18.74,18.83,19.27,25.43,24.82,24.95,25.61,34.85,30.89,31.06,31.94,44.26,20.24,24.20,27.28,40.92,22.97,27.72,31.42,47.78,25.70,31.24,35.55,54.65,28.42,34.76,39.69,61.51,31.15,38.28,43.82,68.38,33.88,41.80,47.96,75.24,47.52,59.40,68.64,109.56,61.16,77.00,89.32,143.88|192169
0|33|19.10,19.18,19.71,25.87,25.34,25.48,26.27,35.51,31.59,31.77,32.82,45.14,20.46,24.64,28.16,41.36,23.23,28.25,32.47,48.31,26.00,31.86,36.78,55.26,28.78,35.46,41.10,62.22,31.55,39.07,45.41,69.17,34.32,42.68,49.72,76.12,48.18,60.72,71.28,110.88,62.04,78.76,92.84,145.64|196050
0|34|19.36,19.45,20.15,26.22,25.74,25.87,26.93,36.04,32.12,32.30,33.70,45.85,20.68,25.30,29.26,42.46,23.50,29.04,33.79,49.63,26.31,32.78,38.32,56.80,29.13,36.52,42.86,63.98,31.94,40.26,47.39,71.15,34.76,44.00,51.92,78.32,48.84,62.70,74.58,114.18,62.92,81.40,97.24,150.04|201573
0|35|19.62,19.71,20.59,26.66,26.14,26.27,27.59,36.70,32.65,32.82,34.58,46.73,20.90,25.74,30.14,42.90,23.76,29.57,34.85,50.16,26.62,33.40,39.56,57.42,29.48,37.22,44.26,64.68,32.34,41.05,48.97,71.94,35.20,44.88,53.68,79.20,49.50,64.02,77.22,115.50,63.80,83.16,100.76,151.80|205374
0|36|20.33,20.42,21.82,28.42,27.19,27.32,29.44,39.34,34.06,34.23,37.05,50.25,22.22,27.50,32.34,46.42,25.34,31.68,37.49,54.38,28.47,35.86,42.64,62.35,31.59,40.04,47.78,70.31,34.72,44.22,52.93,78.28,37.84,48.40,58.08,86.24,53.46,69.30,83.82,126.06,69.08,90.20,109.56,165.88|221435
0|37|21.03,21.21,23.14,30.27,28.25,28.51,31.42,42.11,35.46,35.82,39.69,53.94,23.54,29.26,34.76,50.16,26.93,33.79,40.39,58.87,30.32,38.32,46.02,67.58,33.70,42.86,51.66,76.30,37.09,47.39,57.29,85.01,40.48,51.92,62.92,93.72,57.42,74.58,91.08,137.28,74.36,97.24,119.24,180.84|238317
0|38|21.74,21.91,24.38,32.03,29.30,29.57,33.26,44.75,36.87,37.22,42.15,57.46,25.08,31.02,36.52,53.68,28.78,35.90,42.50,63.10,32.47,40.79,48.49,72.51,36.17,45.67,54.47,81.93,39.86,50.56,60.46,91.34,43.56,55.44,66.44,100.76,62.04,79.86,96.36,147.84,80.52,104.28,126.28,194.92|254024
0|39|22.44,22.70,25.70,33.88,30.36,30.76,35.24,47.52,38.28,38.81,44.79,61.16,26.40,32.78,38.72,57.20,30.36,38.02,45.14,67.32,34.32,43.25,51.57,77.44,38.28,48.49,57.99,87.56,42.24,53.72,64.42,97.68,46.20,58.96,70.84,107.80,66.00,85.14,102.96,158.40,85.80,111.32,135.08,209.00|270204
0|40|23.14,23.41,26.93,35.73,31.42,31.81,37.09,50.29,39.69,40.22,47.26,64.86,27.72,34.54,40.92,60.50,31.94,40.13,47.78,71.28,36.17,45.72,54.65,82.06,40.39,51.30,61.51,92.84,44.62,56.89,68.38,103.62,48.84,62.48,75.24,114.40,69.96,90.42,109.56,168.30,91.08,118.36,143.88,222.20|285953
0|41|24.38,24.99,29.30,38.98,33.26,34.19,40.66,55.18,42.15,43.38,52.01,71.37,29.92,37.40,44.88,67.32,34.58,43.56,52.54,79.46,39.25,49.72,60.19,91.61,43.91,55.88,67.85,103.75,48.58,62.04,75.50,115.90,53.24,68.20,83.16,128.04,76.56,99.00,121.44,188.76,99.88,129.80,159.72,249.48|315097
0|42|25.61,26.49,31.59,42.42,35.11,36.43,44.09,60.32,44.62,46.38,56.58,78.23,32.12,39.82,48.62,73.26,37.22,46.46,57.02,86.59,42.33,53.11,65.43,99.92,47.43,59.75,73.83,113.26,52.54,66.40,82.24,126.59,57.64,73.04,90.64,139.92,83.16,106.26,132.66,206.58,108.68,139.48,174.68,273.24|341779
0|43|27.02,27.98,33.97,45.50,37.22,38.68,47.65,64.94,47.43,49.37,61.34,84.39,34.10,42.68,52.36,80.08,39.60,49.90,61.51,94.78,45.10,57.11,70.66,109.47,50.60,64.33,79.82,124.17,56.10,71.54,88.97,138.86,61.60,78.76,98.12,153.56,89.10,114.84,143.88,227.04,116.60,150.92,189.64,300.52|370181
0|44|28.25,29.57,36.26,49.02,39.07,41.05,51.08,70.22,49.90,52.54,65.91,91.43,36.30,45.32,56.32,86.90,42.24,53.06,66.26,102.96,48.18,60.81,76.21,119.02,54.12,68.55,86.15,135.08,60.06,76.30,96.10,151.14,66.00,84.04,106.04,167.20,95.70,122.76,155.76,247.50,125.40,161.48,205.48,327.80|399054
0|45|29.39,31.15,38.54,52.27,40.79,43.43,54.52,75.11,52.18,55.70,70.49,97.94,38.72,47.96,60.06,93.06,45.14,56.23,70.75,110.35,51.57,64.50,81.44,127.64,57.99,72.78,92.14,144.94,64.42,81.05,102.83,162.23,70.84,89.32,113.52,179.52,102.96,130.68,166.98,265.98,135.08,172.04,220.44,352.44|426711
0|46|31.68,33.26,41.89,56.14,44.22,46.60,59.53,80.92,56.76,59.93,77.18,105.69,42.24,52.58,66.22,102.96,49.37,61.78,78.14,122.23,56.50,70.97,90.07,141.50,63.62,80.17,101.99,160.78,70.75,89.36,113.92,180.05,77.88,98.56,125.84,199.32,113.52,144.54,185.46,295.68,149.16,190.52,245.08,392.04|470660
0|47|33.97,35.55,45.32,60.10,47.65,50.03,64.68,86.86,61.34,64.50,84.04,113.61,46.20,57.64,71.94,113.74,54.12,67.85,85.01,135.17,62.04,78.06,98.08,156.60,69.96,88.26,111.14,178.02,77.88,98.47,124.21,199.45,85.80,108.68,137.28,220.88,125.40,159.72,202.62,328.02,165.00,210.76,267.96,435.16|516877
0|48|36.26,37.66,48.66,64.04,51.08,53.20,69.70,92.80,65.91,68.73,90.73,121.53,49.94,62.70,78.10,124.52,58.61,73.92,92.40,148.10,67.28,85.14,106.70,171.69,75.94,96.36,121.00,195.27,84.61,107.58,135.30,218.86,93.28,118.80,149.60,242.44,136.62,174.90,221.10,360.36,179.96,231.00,292.60,478.28|563326
0|49|38.46,39.86,52.10,67.85,54.38,56.50,74.84,98.47,70.31,73.13,97.59,129.10,53.90,67.54,84.04,133.98,63.36,79.73,99.53,159.46,72.82,91.92,115.02,184.93,82.28,104.10,130.50,210.41,91.74,116.29,145.99,235.88,101.20,128.48,161.48,261.36,148.50,189.42,238.92,388.74,195.80,250.36,316.36,516.12|607275
0|50|40.74,41.98,55.70,71.90,57.82,59.66,80.26,104.54,74.89,77.35,104.81,137.19,57.64,72.60,90.42,144.54,67.85,85.80,107.18,172.13,78.06,99.00,123.95,199.72,88.26,112.20,140.71,227.30,98.47,125.40,157.48,254.89,108.68,138.60,174.24,282.48,159.72,204.60,258.06,420.42,210.76,270.60,341.88,558.36|653884
0|51|43.56,46.02,60.37,81.40,62.04,65.74,87.25,118.80,80.52,85.45,114.14,156.20,64.24,80.08,100.32,160.60,75.77,94.78,119.06,191.40,87.30,109.47,137.81,222.20,98.82,124.17,156.55,253.00,110.35,138.86,175.30,283.80,121.88,153.56,194.04,314.60,179.52,227.04,287.76,468.60,237.16,300.52,381.48,622.60|727413
0|52|46.64,50.25,65.38,90.55,66.66,72.07,94.78,132.53,86.68,93.90,124.17,174.50,71.06,88.00,109.78,176.44,83.95,104.28,130.42,210.41,96.84,120.56,151.05,244.38,109.74,136.84,171.69,278.34,122.63,153.12,192.32,312.31,135.52,169.40,212.96,346.28,199.98,250.80,316.14,516.12,264.44,332.20,419.32,685.96|801139
0|53|49.46,54.03,70.14,99.88,70.88,77.75,101.90,146.52,92.31,101.46,133.67,193.16,77.44,95.48,119.90,194.04,91.61,113.26,142.56,231.53,105.78,131.03,165.22,269.02,119.94,148.81,187.88,306.50,134.11,166.58,210.54,343.99,148.28,184.36,233.20,381.48,219.12,273.24,346.50,568.92,289.96,362.12,459.80,756.36|876972
0|54|52.36,58.17,74.89,109.30,75.24,83.95,109.03,160.64,98.12,109.74,143.18,211.99,84.26,102.52,129.80,209.22,99.79,121.70,154.44,249.74,115.32,140.89,179.08,290.27,130.86,160.07,203.72,330.79,146.39,179.26,228.36,371.32,161.92,198.44,253.00,411.84,239.58,294.36,376.20,614.46,317.24,390.28,499.40,817.08|948821
1|30|28.78,32.38,37.58,54.03,60.98,69.96,83.95,126.19,97.24,112.20,135.52,205.92|104473
1|31|29.04,33.00,38.63,55.53,61.51,71.54,86.59,130.68,98.12,114.84,139.92,213.40|107280
1|32|29.13,33.62,39.42,57.02,62.30,72.60,89.76,134.64,99.44,116.60,145.20,220.00|109973
1|33|29.30,34.14,40.48,58.43,63.10,74.45,91.87,139.13,100.76,119.68,148.72,227.48|112754
1|34|29.57,34.76,41.45,59.93,63.36,75.24,95.04,144.14,101.20,121.00,154.00,235.84|115553
1|35|29.66,35.20,42.33,61.78,63.89,77.09,97.15,147.85,102.08,124.08,157.52,241.56|118019
1|36|32.47,39.16,47.08,68.99,70.75,85.01,107.98,164.47,113.52,137.28,175.56,269.72|131199
1|37|35.38,42.94,51.57,76.30,77.35,93.72,118.80,181.63,124.52,151.80,193.60,298.32|144593
1|38|38.28,46.82,56.32,83.25,83.69,101.90,130.42,197.21,135.08,165.44,212.96,324.28|157565
1|39|41.18,50.69,60.81,90.73,90.29,111.14,140.98,214.10,146.08,180.84,230.56,352.44|170984
1|40|44.00,54.56,65.56,98.38,96.89,118.80,152.59,231.26,157.08,193.60,249.92,381.04|184368
1|41|47.08,58.34,70.40,105.07,103.49,129.89,165.79,251.59,168.08,212.08,271.92,414.92|199865
1|42|49.81,62.39,74.98,112.46,110.88,140.71,180.31,272.18,180.40,230.12,296.12,449.24|215960
1|43|52.71,66.53,79.64,119.68,116.95,152.06,193.78,292.51,190.52,249.04,318.56,483.12|231510
1|44|55.35,70.14,84.13,126.81,124.08,163.42,208.56,313.10,202.40,267.96,343.20,517.44|247659
1|45|58.43,74.18,89.23,134.82,130.15,175.03,222.02,336.60,212.52,287.32,365.64,556.60|264254
1|46|66.79,84.04,101.46,143.53,149.95,196.42,247.37,361.68,245.52,322.96,407.88,598.40|292600
1|47|75.42,94.16,113.08,153.30,168.96,217.54,272.45,390.46,277.20,358.16,449.68,646.36|321677
1|48|84.22,103.58,125.05,161.48,187.70,238.13,297.00,418.70,308.44,392.48,490.60,693.44|350082
1|49|92.14,113.96,137.02,170.72,208.03,260.83,320.76,447.22,342.32,430.32,530.20,740.96|379448
1|50|100.85,123.38,149.16,179.70,226.25,280.63,344.26,475.46,372.68,463.32,569.36,788.04|407309
1|51|110.62,134.99,161.57,-,258.98,320.50,398.90,-,427.24,529.76,660.44,-|300300
1|52|120.47,146.96,175.30,-,291.19,361.94,449.86,-,480.92,598.84,745.36,-|337084
1|53|129.54,159.63,187.70,-,324.98,400.49,499.22,-,537.24,663.08,827.64,-|372952
1|54|139.57,170.81,200.11,-,357.46,440.09,551.23,-,591.36,729.08,914.32,-|409403
1|55|149.78,183.04,212.61,-,388.08,480.48,605.62,-,642.40,796.40,1004.96,-|446337
1|56|173.71,208.65,240.77,-,445.10,542.26,682.18,-,737.44,899.36,1132.56,-|506203
1|57|196.86,232.41,269.28,-,498.17,606.94,764.81,-,825.88,1007.16,1270.28,-|567179
1|58|220.18,258.81,296.21,-,554.66,673.99,842.16,-,920.04,1118.92,1399.20,-|628417
1|59|244.02,284.42,325.34,-,606.14,738.14,926.64,-,1005.84,1225.84,1540.00,-|689638
1|60|268.14,308.62,352.26,-,662.38,803.35,1004.52,-,1099.56,1334.52,1669.80,-|750315
1|61|292.60,333.96,382.10,-,712.54,870.14,1082.14,-,1183.16,1445.84,1799.16,-|810164
1|62|315.22,359.22,412.28,-,761.64,936.94,1168.99,-,1265.00,1557.16,1943.92,-|872037
1|63|340.21,384.38,439.56,-,803.09,1003.46,1247.40,-,1334.08,1668.04,2074.60,-|929482
1|64|363.00,409.73,466.93,-,857.47,1070.26,1325.81,-,1424.72,1779.36,2205.28,-|990256
1|65|385.70,435.07,497.99,-,903.67,1137.05,1404.22,-,1501.72,1890.68,2335.96,-|1049206
1|66|428.65,469.83,-,-,1006.63,1221.26,-,-,1673.32,2031.04,-,-|683073
1|67|471.94,503.71,-,-,1102.73,1314.19,-,-,1833.48,2185.92,-,-|741197
1|68|516.65,537.68,-,-,1203.05,1397.62,-,-,2000.68,2324.96,-,-|798064
1|69|559.94,573.32,-,-,1311.82,1485.79,-,-,2181.96,2471.92,-,-|858475
1|70|601.57,606.58,-,-,1403.95,1566.58,-,-,2335.52,2606.56,-,-|912076
2|30|26.93,27.10,27.28,38.28,34.32,41.18,45.94,74.98,52.80,64.24,72.16,120.56|62577
2|31|27.54,27.63,28.16,38.98,34.85,42.24,48.05,76.56,53.68,66.00,75.68,123.20|64257
2|32|27.90,28.16,28.86,39.78,35.38,43.30,49.90,78.14,54.56,67.76,78.76,125.84|65834
2|33|28.42,28.69,29.57,40.48,35.64,44.62,52.01,79.73,55.00,69.96,82.28,128.48|67488
2|34|28.86,29.04,30.27,41.01,36.17,45.67,53.86,81.31,55.88,71.72,85.36,131.12|69027
2|35|29.39,29.57,31.15,41.71,36.70,46.73,55.97,82.90,56.76,73.48,88.88,133.76|70700
2|36|30.62,30.89,33.35,44.79,39.60,50.42,60.46,90.29,61.60,79.64,96.36,146.08|76410
2|37|31.86,32.12,35.55,48.22,42.50,54.12,64.94,97.68,66.44,85.80,103.84,158.40|82147
2|38|33.09,33.44,37.75,51.22,45.14,57.82,69.70,105.07,70.84,91.96,111.76,170.72|87851
2|39|34.41,34.76,39.95,54.21,48.05,61.51,74.18,112.46,75.68,98.12,119.24,183.04|93561
2|40|35.55,36.08,42.15,57.55,50.95,65.21,78.67,119.86,80.52,104.28,126.72,195.36|99290
2|41|37.84,38.72,46.29,63.18,55.44,70.75,86.59,133.32,88.00,113.52,139.92,217.80|109137
2|42|40.04,41.45,50.42,69.26,59.93,76.30,94.78,146.78,95.48,122.76,153.56,240.24|119100
2|43|42.06,44.26,54.65,75.24,64.68,81.84,102.70,160.25,103.40,132.00,166.76,262.68|129052
2|44|44.35,46.73,58.43,80.70,69.17,87.38,110.88,173.71,110.88,141.24,180.40,285.12|138899
2|45|46.64,49.46,62.74,86.68,73.66,92.93,118.80,187.18,118.36,150.48,193.60,307.56|148809
2|46|50.60,53.33,68.46,93.54,81.58,103.22,131.21,208.82,131.56,167.64,214.28,343.64|164788
2|47|54.56,57.20,74.36,100.58,89.76,113.52,143.88,230.47,145.20,184.80,235.40,379.72|180945
2|48|58.52,61.07,80.43,107.27,97.68,124.08,156.29,252.12,158.40,202.40,256.08,415.80|197014
2|49|62.48,64.94,86.15,114.40,105.86,134.38,168.96,273.77,172.04,219.56,277.20,451.88|213162
2|50|66.62,68.73,92.22,121.18,113.78,144.67,181.37,295.42,185.24,236.72,297.88,487.96|229179
2|51|71.63,75.86,100.50,136.75,127.78,160.51,202.22,329.21,208.56,263.12,332.64,544.28|255306
2|52|76.74,82.98,109.03,152.77,141.50,176.35,223.08,363.00,231.44,289.52,367.40,600.60|281441
2|53|81.58,90.11,118.18,169.05,155.50,192.19,243.94,396.53,254.76,315.92,402.16,656.48|307640
2|54|86.33,97.24,126.19,185.94,169.22,208.03,264.79,430.32,277.64,342.32,436.92,712.80|333774
3|20|16.63,16.72,16.81,19.36,21.65,21.78,21.91,25.74,26.66,26.84,27.02,32.12,16.50,19.36,20.24,27.50,18.48,21.91,22.97,31.68,20.46,24.46,25.70,35.86,22.44,27.02,28.42,40.04,24.42,29.57,31.15,44.22,26.40,32.12,33.88,48.40,36.30,44.88,47.52,69.30,46.20,57.64,61.16,90.20|139964
3|21|16.63,16.72,16.81,19.36,21.65,21.78,21.91,25.74,26.66,26.84,27.02,32.12,16.50,19.36,20.24,27.72,18.48,21.91,22.97,31.94,20.46,24.46,25.70,36.17,22.44,27.02,28.42,40.39,24.42,29.57,31.15,44.62,26.40,32.12,33.88,48.84,36.30,44.88,47.52,69.96,46.20,57.64,61.16,91.08|140316
3|22|16.72,16.81,16.90,19.27,21.78,21.91,22.04,25.61,26.84,27.02,27.19,31.94,16.50,19.14,20.24,28.16,18.48,21.65,22.97,32.47,20.46,24.16,25.70,36.78,22.44,26.66,28.42,41.10,24.42,29.17,31.15,45.41,26.40,31.68,33.88,49.72,36.30,44.22,47.52,71.28,46.20,56.76,61.16,92.84|140747
3|23|16.72,16.81,16.90,19.27,21.78,21.91,22.04,25.61,26.84,27.02,27.19,31.94,16.28,19.14,20.02,28.38,18.22,21.65,22.70,32.74,20.15,24.16,25.39,37.09,22.09,26.66,28.07,41.45,24.02,29.17,30.76,45.80,25.96,31.68,33.44,50.16,35.64,44.22,46.86,71.94,45.32,56.76,60.28,93.72|140395
3|24|16.81,16.90,16.98,19.18,21.91,22.04,22.18,25.48,27.02,27.19,27.37,31.77,16.28,18.92,20.02,28.82,18.22,21.38,22.70,33.26,20.15,23.85,25.39,37.71,22.09,26.31,28.07,42.15,24.02,28.78,30.76,46.60,25.96,31.24,33.44,51.04,35.64,43.56,46.86,73.26,45.32,55.88,60.28,95.48|140827
3|25|16.81,16.90,16.98,19.18,21.91,22.04,22.18,25.48,27.02,27.19,27.37,31.77,16.28,18.92,20.02,29.04,18.22,21.38,22.70,33.53,20.15,23.85,25.39,38.02,22.09,26.31,28.07,42.50,24.02,28.78,30.76,46.99,25.96,31.24,33.44,51.48,35.64,43.56,46.86,73.92,45.32,55.88,60.28,96.36|141179
3|26|16.81,16.90,16.98,19.18,21.91,22.04,22.18,25.48,27.02,27.19,27.37,31.77,16.28,19.14,20.24,29.70,18.22,21.65,22.97,34.32,20.15,24.16,25.70,38.94,22.09,26.66,28.42,43.56,24.02,29.17,31.15,48.18,25.96,31.68,33.88,52.80,35.64,44.22,47.52,75.90,45.32,56.76,61.16,99.00|142939
3|27|16.81,16.90,16.98,19.18,21.91,22.04,22.18,25.48,27.02,27.19,27.37,31.77,16.28,19.36,20.68,30.36,18.22,21.91,23.50,35.11,20.15,24.46,26.31,39.86,22.09,27.02,29.13,44.62,24.02,29.57,31.94,49.37,25.96,32.12,34.76,54.12,35.64,44.88,48.84,77.88,45.32,57.64,62.92,101.64|145051
3|28|16.90,16.98,17.07,19.27,22.04,22.18,22.31,25.61,27.19,27.37,27.54,31.94,16.50,19.36,20.90,30.80,18.48,21.91,23.76,35.64,20.46,24.46,26.62,40.48,22.44,27.02,29.48,45.32,24.42,29.57,32.34,50.16,26.40,32.12,35.20,55.00,36.30,44.88,49.50,79.20,46.20,57.64,63.80,103.40|146616
3|29|16.90,16.98,17.07,19.27,22.04,22.18,22.31,25.61,27.19,27.37,27.54,31.94,16.50,19.58,21.34,31.46,18.48,22.18,24.29,36.43,20.46,24.77,27.24,41.40,22.44,27.37,30.18,46.38,24.42,29.96,33.13,51.35,26.40,32.56,36.08,56.32,36.30,45.54,50.82,81.18,46.20,58.52,65.56,106.04|148728
3|30|16.90,16.98,17.07,19.27,22.04,22.18,22.31,25.61,27.19,27.37,27.54,31.94,16.50,19.80,21.56,32.12,18.48,22.44,24.55,37.22,20.46,25.08,27.54,42.33,22.44,27.72,30.54,47.43,24.42,30.36,33.53,52.54,26.40,33.00,36.52,57.64,36.30,46.20,51.48,83.16,46.20,59.40,66.44,108.68|150488
3|31|17.07,17.16,17.34,20.06,22.31,22.44,22.70,26.80,27.54,27.72,28.07,33.53,16.94,20.24,22.44,32.78,19.01,22.97,25.61,38.02,21.08,25.70,28.78,43.25,23.14,28.42,31.94,48.49,25.21,31.15,35.11,53.72,27.28,33.88,38.28,58.96,37.62,47.52,54.12,85.14,47.96,61.16,69.96,111.32|154994
3|32|17.25,17.34,17.60,20.68,22.57,22.70,23.10,27.72,27.90,28.07,28.60,34.76,17.16,20.68,23.10,33.44,19.27,23.50,26.40,38.81,21.38,26.31,29.70,44.18,23.50,29.13,33.00,49.54,25.61,31.94,36.30,54.91,27.72,34.76,39.60,60.28,38.28,48.84,56.10,87.12,48.84,62.92,72.60,113.96|158717
3|33|17.34,17.42,17.95,21.47,22.70,22.84,23.63,28.91,28.07,28.25,29.30,36.34,17.60,21.12,23.98,33.88,19.80,24.02,27.46,39.34,22.00,26.93,30.93,44.79,24.20,29.83,34.41,50.25,26.40,32.74,37.88,55.70,28.60,35.64,41.36,61.16,39.60,50.16,58.74,88.44,50.60,64.68,76.12,115.72|162830
3|34|17.51,17.60,18.22,22.18,22.97,23.10,24.02,29.96,28.42,28.60,29.83,37.75,17.82,21.56,24.64,34.54,20.06,24.55,28.25,40.13,22.31,27.54,31.86,45.72,24.55,30.54,35.46,51.30,26.80,33.53,39.07,56.89,29.04,36.52,42.68,62.48,40.26,51.48,60.72,90.42,51.48,66.44,78.76,118.36|166592
3|35|17.69,17.78,18.48,22.88,23.23,23.36,24.42,31.02,28.78,28.95,30.36,39.16,18.26,22.00,25.52,35.20,20.59,25.08,29.30,40.92,22.92,28.16,33.09,46.64,25.26,31.24,36.87,52.36,27.59,34.32,40.66,58.08,29.92,37.40,44.44,63.80,41.58,52.80,63.36,92.40,53.24,68.20,82.28,121.00|171059
3|36|18.39,18.48,19.36,24.29,24.29,24.42,25.74,33.13,30.18,30.36,32.12,41.98,19.36,23.32,27.28,37.62,21.91,26.66,31.42,43.82,24.46,30.01,35.55,50.03,27.02,33.35,39.69,56.23,29.57,36.70,43.82,62.44,32.12,40.04,47.96,68.64,44.88,56.76,68.64,99.66,57.64,73.48,89.32,130.68|183282
3|37|19.10,19.18,20.24,25.78,25.34,25.48,27.06,35.38,31.59,31.77,33.88,44.97,20.24,24.64,29.04,40.48,22.97,28.25,33.53,47.26,25.70,31.86,38.02,54.03,28.42,35.46,42.50,60.81,31.15,39.07,46.99,67.58,33.88,42.68,51.48,74.36,47.52,60.72,73.92,108.24,61.16,78.76,96.36,142.12|195897
3|38|19.71,19.80,21.12,27.19,26.27,26.40,28.38,37.49,32.82,33.00,35.64,47.78,21.34,26.18,31.02,42.90,24.29,30.10,35.90,50.16,27.24,34.01,40.79,57.42,30.18,37.93,45.67,64.68,33.13,41.84,50.56,71.94,36.08,45.76,55.44,79.20,50.82,65.34,79.86,115.50,65.56,84.92,104.28,151.80|208744
3|39|20.42,20.50,22.00,28.60,27.32,27.46,29.70,39.60,34.23,34.41,37.40,50.60,22.22,27.50,32.78,45.32,25.34,31.68,38.02,53.06,28.47,35.86,43.25,60.81,31.59,40.04,48.49,68.55,34.72,44.22,53.72,76.30,37.84,48.40,58.96,84.04,53.46,69.30,85.14,122.76,69.08,90.20,111.32,161.48|220616
3|40|21.12,21.21,22.88,31.01,28.38,28.51,31.02,41.71,35.64,35.82,39.16,53.42,23.32,28.82,34.54,47.74,26.66,33.26,40.13,55.97,30.01,37.71,45.72,64.20,33.35,42.15,51.30,72.42,36.70,46.60,56.89,80.65,40.04,51.04,62.48,88.88,56.76,73.26,90.42,130.02,73.48,95.48,118.36,171.16|232940
3|41|21.91,22.00,24.38,31.77,29.57,29.70,33.26,44.35,37.22,37.40,42.15,56.94,24.86,31.02,36.96,51.92,28.51,35.90,43.03,60.98,32.16,40.79,49.10,70.05,35.82,45.67,55.18,79.11,39.47,50.56,61.25,88.18,43.12,55.44,67.32,97.24,61.38,79.86,97.68,142.56,79.64,104.28,128.04,187.88|251561
3|42|22.70,22.79,25.96,33.44,30.76,30.89,35.64,46.86,38.81,38.98,45.32,60.28,26.40,33.44,39.38,56.10,30.36,38.81,45.94,66.00,34.32,44.18,52.49,75.90,38.28,49.54,59.05,85.80,42.24,54.91,65.60,95.70,46.20,60.28,72.16,105.60,66.00,87.12,104.94,155.10,85.80,113.96,137.72,204.60|270635
3|43|23.58,23.67,27.54,35.20,32.08,32.21,38.02,49.50,40.57,40.74,48.49,63.80,27.94,35.64,41.80,60.28,32.21,41.45,48.84,71.02,36.48,47.26,55.88,81.75,40.74,53.06,62.92,92.49,45.01,58.87,69.96,103.22,49.28,64.68,77.00,113.96,70.62,93.72,112.20,167.64,91.96,122.76,147.40,221.32|289476
3|44|24.38,24.46,29.13,37.14,33.26,33.40,40.39,52.40,42.15,42.33,51.66,67.67,29.48,38.06,44.00,64.46,34.06,44.35,51.48,76.03,38.63,50.64,58.96,87.60,43.21,56.94,66.44,99.18,47.78,63.23,73.92,110.75,52.36,69.52,81.40,122.32,75.24,100.98,118.80,180.18,98.12,132.44,156.20,238.04|308317
3|45|25.17,25.34,30.54,38.81,34.45,34.72,42.50,54.91,43.74,44.09,54.47,71.02,31.02,40.26,46.64,68.42,35.90,46.99,54.65,80.78,40.79,53.72,62.66,93.15,45.67,60.46,70.66,105.51,50.56,67.19,78.67,117.88,55.44,73.92,86.68,130.24,79.86,107.58,126.72,192.06,104.28,141.24,166.76,253.88|327000
3|46|27.02,27.37,33.26,42.42,37.22,37.75,46.60,60.32,47.43,48.14,59.93,78.23,33.66,43.34,51.26,76.34,39.07,50.69,60.19,90.29,44.48,58.04,69.12,104.24,49.90,65.38,78.06,118.18,55.31,72.73,86.99,132.13,60.72,80.08,95.92,146.08,87.78,116.82,140.58,215.82,114.84,153.56,185.24,285.56|360809
3|47|28.86,29.39,35.99,46.46,40.00,40.79,50.69,66.40,51.13,52.18,65.38,86.33,36.52,46.20,55.66,84.26,42.50,54.12,65.47,99.79,48.49,62.04,75.28,115.32,54.47,69.96,85.10,130.86,60.46,77.88,94.91,146.39,66.44,85.80,104.72,161.92,96.36,125.40,153.78,239.58,126.28,165.00,202.84,317.24|394464
3|48|30.89,31.42,38.90,50.16,43.03,43.82,55.04,71.94,55.18,56.23,71.19,93.72,39.16,49.06,60.28,92.18,45.67,57.55,71.02,109.30,52.18,66.04,81.75,126.41,58.70,74.54,92.49,143.53,65.21,83.03,103.22,160.64,71.72,91.52,113.96,177.76,104.28,133.98,167.64,263.34,136.84,176.44,221.32,348.92|428120
3|49|32.65,33.44,41.71,53.86,45.67,46.86,59.27,77.48,58.70,60.28,76.82,101.11,42.02,52.14,64.90,100.10,49.10,61.25,76.56,118.80,56.19,70.36,88.22,137.50,63.27,79.46,99.88,156.20,70.36,88.57,111.54,174.90,77.44,97.68,123.20,193.60,112.86,143.22,181.50,287.10,148.28,188.76,239.80,380.60|462321
3|50|34.58,35.38,44.44,57.46,48.58,49.76,63.36,82.90,62.57,64.15,82.28,108.33,44.88,54.78,69.52,108.02,52.54,64.42,82.10,128.30,60.19,74.05,94.69,148.59,67.85,83.69,107.27,168.87,75.50,93.32,119.86,189.16,83.16,102.96,132.44,209.44,121.44,151.14,195.36,310.86,159.72,199.32,258.28,412.28|495779
3|51|37.05,38.28,48.40,64.06,52.27,54.12,69.30,92.80,67.50,69.96,90.20,121.53,49.06,60.72,76.78,121.22,57.55,71.54,90.82,144.14,66.04,82.37,104.85,167.07,74.54,93.19,118.89,189.99,83.03,104.02,132.92,212.92,91.52,114.84,146.96,235.84,133.98,168.96,217.14,350.46,176.44,223.08,287.32,465.08|551875
3|52|39.51,41.01,52.36,70.22,55.97,58.21,75.24,102.04,72.42,75.42,98.12,133.85,53.68,66.44,84.04,134.64,63.10,78.41,99.53,160.25,72.51,90.38,115.02,185.86,81.93,102.34,130.50,211.46,91.34,114.31,145.99,237.07,100.76,126.28,161.48,262.68,147.84,186.12,238.92,390.72,194.92,245.96,316.36,518.76|608397
3|53|42.06,43.91,56.41,76.74,59.80,62.57,81.31,111.80,77.53,81.22,106.22,146.87,57.86,72.60,91.52,147.84,68.11,85.80,108.50,176.09,78.36,99.00,125.49,204.34,88.62,112.20,142.47,232.58,98.87,125.40,159.46,260.83,109.12,138.60,176.44,289.08,160.38,204.60,261.36,430.32,211.64,270.60,346.28,571.56|665236
3|54|44.53,46.82,60.37,83.42,63.49,66.92,87.25,121.84,82.46,87.03,114.14,160.25,62.48,78.54,98.78,161.04,73.66,92.93,117.22,191.93,84.83,107.32,135.65,222.82,96.01,121.70,154.09,253.70,107.18,136.09,172.52,284.59,118.36,150.48,190.96,315.48,174.24,222.42,283.14,469.92,230.12,294.36,375.32,624.36|722076
4|30|24.64,24.82,24.90,28.95,27.46,34.32,38.02,60.19,41.36,52.80,58.96,95.92|51234
4|31|24.90,25.08,25.43,30.01,28.25,35.38,39.60,61.51,42.68,54.56,61.60,98.12|52712
4|32|25.17,25.34,25.87,31.33,29.04,36.17,41.45,62.83,44.00,55.88,64.68,100.32|54208
4|33|25.52,25.61,26.40,32.65,29.57,37.22,43.03,64.15,44.88,57.64,67.32,102.52|55651
4|34|25.78,25.87,26.93,33.88,30.36,38.02,44.88,65.47,46.20,58.96,70.40,104.72|57147
4|35|26.05,26.22,27.37,35.11,31.15,39.07,46.46,66.79,47.52,60.72,73.04,106.92|58642
4|36|27.28,27.37,28.95,37.58,33.26,41.98,50.16,72.07,51.04,65.56,79.20,115.72|63017
4|37|28.51,28.69,30.54,40.13,35.38,44.88,53.86,77.35,54.56,70.40,85.36,124.52|67418
4|38|29.66,29.83,32.03,42.50,37.49,47.52,57.82,82.37,58.08,74.80,91.96,132.88|71694
4|39|30.80,30.98,33.53,44.97,39.60,50.42,61.51,87.65,61.60,79.64,98.12,141.68|76050
4|40|32.03,32.30,35.11,47.43,41.71,53.33,65.21,92.93,65.12,84.48,104.28,150.48|80441
4|41|33.44,33.70,37.75,50.60,44.88,58.08,70.22,101.64,70.40,92.40,112.64,165.00|87075
4|42|33.94,35.11,40.48,53.86,48.05,62.83,75.24,110.09,75.68,100.32,121.00,179.08|93568
4|43|36.26,36.43,43.21,56.76,51.48,67.85,80.26,118.80,81.40,108.68,129.36,193.60|100409
4|44|37.66,37.84,45.94,60.10,54.65,72.60,85.27,127.25,86.68,116.60,137.72,207.68|106999
4|45|39.07,39.42,48.49,63.10,57.82,77.35,90.29,135.96,91.96,124.52,146.08,222.20|113626
4|46|42.33,42.94,53.50,69.34,63.62,83.42,99.79,152.59,101.64,134.64,161.92,249.92|125565
4|47|45.58,46.38,58.08,75.94,69.43,89.50,109.56,169.22,111.32,144.76,178.20,277.64|137561
4|48|49.02,49.90,63.18,82.46,74.98,95.57,119.06,185.86,120.56,154.88,194.04,305.36|149487
4|49|52.36,53.50,67.76,89.50,80.78,101.64,128.83,202.49,130.24,165.00,210.32,333.08|161550
4|50|55.70,57.20,72.51,95.83,86.59,107.71,138.34,219.12,139.92,175.12,226.16,360.80|173500
4|51|59.84,62.13,79.64,106.74,95.83,119.86,153.65,246.84,155.32,195.36,251.68,407.00|193389
4|52|64.33,66.79,86.68,118.27,105.07,132.00,168.96,274.56,170.72,215.60,277.20,453.20|213338
4|53|68.73,71.81,93.63,129.80,114.31,144.41,184.27,302.28,186.12,236.28,302.72,499.40|233376
4|54|72.86,77.09,100.50,140.27,123.55,156.55,199.58,330.00,201.52,256.52,328.24,545.60|253228
